    5.31353e-03
    8.16837e-03
    5.73344e-03
    3.90843e-03
    7.35521e-04
    3.89579e-03
    3.83538e-03
    5.76982e-03
    3.33443e-03
    8.81839e-03
    2.80234e-03
    2.99446e-03
    4.24311e-04
    5.37971e-03
    7.54511e-03
    1.41540e-03
    4.72513e-03
    2.39697e-03
    9.93267e-03
    5.18101e-03
    1.33133e-03
    4.87328e-04
    2.44331e-03
    7.64084e-03
    8.55160e-03
    5.64194e-03
    7.81250e-03
    2.83241e-04
    7.93266e-03
    3.11089e-03
    9.59969e-03
    5.66864e-03
    1.52016e-03
    4.50039e-03
    8.48770e-03
    8.85487e-03
    1.25599e-03
    2.73609e-03
    7.69901e-03
    9.09901e-03
    1.93214e-03
    5.56946e-04
    9.08661e-03
    6.61850e-04
    6.75583e-03
    1.81198e-04
    6.11877e-03
    3.42178e-03
    1.13487e-03
    3.16048e-03
    6.78539e-03
    1.42097e-03
    9.44996e-03
    7.49588e-03
    6.90174e-03
    8.50391e-03
    5.50842e-03
    6.00815e-05
    4.03976e-03
    7.97558e-03
    1.50585e-03
    9.72223e-03
    5.85222e-03
    9.68266e-03
    1.12820e-03
    1.10245e-03
    5.33295e-03
    1.91402e-03
    5.23853e-03
    8.25882e-04
    3.27587e-04
    6.48737e-03
    6.64234e-03
    3.84951e-03
    4.34971e-03
    1.42097e-04
    6.22129e-03
    5.89848e-04
    5.45931e-03
    1.33085e-03
    2.15530e-04
    9.97162e-03
    1.05286e-03
    9.54247e-03
    5.26237e-03
    7.67899e-03
    4.95148e-03
    8.10051e-03
    2.45285e-03
    5.76210e-03
    7.61795e-03
    9.75704e-03
    5.57899e-03
    4.81129e-03
    1.98078e-03
    8.37994e-03
    1.64986e-04
    6.17313e-03
    9.12857e-03
    1.21117e-04
