    1.00042e+00     1.00046e+00     1.00050e+00     1.00053e+00     1.00057e+00     1.00060e+00     1.00064e+00     1.00067e+00     1.00070e+00     1.00074e+00
    1.00066e+00     1.00066e+00     1.00066e+00     1.00066e+00     1.00066e+00     1.00066e+00     1.00066e+00     1.00066e+00     1.00066e+00     1.00066e+00
    1.00045e+00     1.00049e+00     1.00053e+00     1.00056e+00     1.00060e+00     1.00063e+00     1.00066e+00     1.00069e+00     1.00072e+00     1.00075e+00
    1.00146e+00     1.00147e+00     1.00149e+00     1.00150e+00     1.00152e+00     1.00153e+00     1.00155e+00     1.00156e+00     1.00158e+00     1.00159e+00
    9.99493e-01     9.99447e-01     9.99402e-01     9.99357e-01     9.99312e-01     9.99267e-01     9.99221e-01     9.99174e-01     9.99126e-01     9.99076e-01
    9.99211e-01     9.99212e-01     9.99212e-01     9.99212e-01     9.99213e-01     9.99213e-01     9.99214e-01     9.99215e-01     9.99216e-01     9.99217e-01
    9.93768e-01     9.91642e-01     9.87997e-01     9.80197e-01     9.51276e-01     1.14121e+00     1.03062e+00     1.01771e+00     1.01272e+00     1.01007e+00
    1.00258e+00     1.00245e+00     1.00233e+00     1.00222e+00     1.00212e+00     1.00204e+00     1.00196e+00     1.00189e+00     1.00182e+00     1.00176e+00
    1.00068e+00     1.00071e+00     1.00073e+00     1.00075e+00     1.00077e+00     1.00079e+00     1.00080e+00     1.00082e+00     1.00083e+00     1.00084e+00
    1.00188e+00     1.00178e+00     1.00168e+00     1.00160e+00     1.00152e+00     1.00145e+00     1.00139e+00     1.00133e+00     1.00128e+00     1.00123e+00
