       fi        lb                         P_mod 
 32.25000 158.25000         11.970772763962590000 
 32.25000 159.00000          7.305022376393202380 
 32.25000 159.75000         -8.177617583736638950 
 32.25000 160.50000        -15.962806263765664200 
 32.25000 161.25000        -15.743166288634341900 
 32.25000 162.00000        -19.174859646396081900 
 32.25000 162.75000        -24.236067994808652400 
 32.25000 163.50000        -22.290134397453572600 
 32.25000 164.25000        -18.557067335947914400 
 32.25000 165.00000        -22.241602187176157200 
 32.25000 165.75000        -28.583797519847890800 
 32.25000 166.50000        -29.020155727908409900 
 32.25000 167.25000        -25.390777357334053800 
 32.25000 168.00000        -21.042986291926716500 
 32.25000 168.75000        -14.259311372238439600 
 32.25000 169.50000         -8.767842392609717950 
 32.25000 170.25000        -10.994421144998573900 
 32.25000 171.00000        -12.652771661962035400 
 32.25000 171.75000         -0.123091403604891714 
 32.25000 172.50000         16.764575207679352400 
 32.25000 173.25000         13.551170769546854600 
 32.25000 174.00000         -8.854352316557300450 
 32.25000 174.75000        -23.232410407694073600 
 32.25000 175.50000        -18.390145578094263400 
 32.25000 176.25000        -11.665576691060060600 
 32.25000 177.00000        -14.879602900975967600 
 32.25000 177.75000        -18.343074877958213000 
 32.25000 178.50000        -14.915397258694709500 
 32.25000 179.25000        -12.014755497620231500 
 32.25000 180.00000        -13.036171851784422600 
 32.25000 180.75000        -11.156524791573491200 
 32.25000 181.50000         -6.561205730435596410 
 32.25000 182.25000         -7.929498226950027530 
 32.25000 183.00000        -14.095257234165940500 
 32.25000 183.75000        -14.779171450728639800 
